000000000000000000000000000000000000000000000011000000000000000000000000000000000000000
000000000000000000000000010000000000000000000011000000000000000000000000000000000000000
000000000000000000000000011100000000000000000000000000000000000000000000000000000000000
000000000000000000000000000010000000000000000000000000000000000000000000000000000000000
000000000000000000000000000110000000000000000000000000000000000000000000000000000000000
000000000000000000000000000000000000000000000000000000000000000000000000000000000000000
000000000000000000000000000000000000000000000000000000000000000000000000000000000000000
000000000000000000000000000000000000000000000000000000000000000000000000000000000000000
000000000000000000000000000000000000000000000000000000110000000000000000000000000000000
000000000000000000000000000000000000000000000000000000110000000000000000000000000000000
000000000000000000000000000000000000000000000000000000000000000000000000000000000000000
000000000000000000000000000000000000000000000000000000000000000000000000000000000000000
000000000000000000000000000000000000000000000000000000000000000000000000000000000000000
000000000000000000000000000000000000000000000000000000000000000000000000000000000000000
000000000000000000000000000000000000000000000000000000000000000000000000000000000000000
000000000000000000000000000000000000000000000000000000000000000000000000000000000000000
000000000000000000000000000000000000000000000000000000000000000000000000000000000000000
000000000000000000000000000000000000000000000000000000000000000000000000000000000000000
000000000000000000000000000000000000000000000000000000000000000000000000000000000000000
000000000000000000000000000000000000000000000000000000000000000000000000000000000000000
000000000000000000000000000000000000000000000000000000000000000000000000000000000000000
000000000000000000000000000000000000000000000000000000000000000000000000000000000000000
000000000000000000000000000000000000000000000000000000000000000000000000000000000000000
000000000000000000000000000000000000000000000000000000000000000000000000000000000000000
000000000000000000100000000000000000000000000000000000000000000000000000000000000000000
000000000000000000111000000000000000000000000000000000000000000000000000000000000000000
000000000000000000000100000000000000000000000000000000000000000000000000000000000000000
000000000000000000001100000000000000000000000000000000000000000000000000000000000000000
000000000000000000000000000000000000000000000000000000000000000000000000000000000000000
000000000000000000000000000000000000000000000000000000000000000000000000000000000000000
000000000000000000000000000000000000000000000000000000000000111000000000000000000000000
000000000000000000000000000000000000000000000000000000000000010000000000000000000000000
000000000000000000000000000000000000000000000000000000000000010010000000000000000000000
011000000000000000000000000000000000000000000000000000000000010010000000000000000000000
001000000000000000000000000000000000000000000000000000000000001010000000000000000000000
001010000000000000000000000000000000000000000000000000000000000000000000000001100000000
000110000000000000000000000000000000000000000000000000000000000000000000000001100000000
000000000000000000000000000000000000000000000000000000000000000000000000000000000000000
000000000000000000000000000000000000000000000000000000000000000000000000000000000000000
000000000000000000000000000000000000000000000000000000000000010000000000000000000000000
000000000000000000000000000000000000000000000000000000000000101000000000000000000000000
000000000000000000000000000000000000000000000000000000000000010000000000000000000000000
000000000000000000000000000000000000000000000000000000000000000000000000000000100000000
000000000000000000000000000000000000000000000000000000000000000000000000000001000000011
000000000000000000000000000000000000000000000000000000000001111000000000000000000000011
000000000000000000000000000000000000000000000000000000000001100010000000000100000000000
000000000000000000000000000000000000000000000000000000000000100001000000000101000000000
000000000000000000000000000000000000000000000000000000000000001011000000000010000000000
000000000000000000000000000000000000000000000000000000000000000100000000000000000000000
000000000000000000000000000000000000000000000000000000000000000000000000000000000000000
000000000000000000000000000000000000000000000000000000000000000000000000000000000000000
000000000000000000000000000000000000000000000000000000000000000000000001010110000000000
000000000000000000000000000000000000000000000000000000100000000000000001010000000000000
000000000000000000000000000000000000000000000000000001110000000000000000010010000000000
110000000000000000000000000000000000000000000000000000000000000000000000100010000000000
110000000000000000000000000000000000000000000000000001110000000000000000111100110000000
000000000000000000000000000000000000000000000000000000110110000000000000010000011000000
000000000000000000000000000000000000000000000000000000001000000000000000000000100000000
000000000000000000000000000000000000000000000000000000000000000000000000000000000000000
000000000000000000000000000000000000000000000000000000000000000000000000000000000000000
000000000000000000000000000000111000000000000000000000000000000000000000000000000000000
000000000000000000000000000000010000000000000000000000000000000000000000000000000000000
000000001100000000000000000000010010000000000000000000000000000000000000000000000000000
000000001100000000000000000000010010000000000000000000000000000000000000000000000000000
000000000000000000000000000000001010000000000000000000000000000000000000000000000000000
000000000000000000000000000000000000000000000001100000000000000000000000000000000000000
000000000000000000000000000000000000000000000001100000000000000000000000000000000000000
000000000000000000000000000000000000000000000000000001000000000000000000000000000000000
000000000000000000000000000000000000000000000000000011100000000000000000000000000000000
000000000000000000000000000000010000000000000000000110110000000000000000000000000000000
000000000000000000000000000000101000000000000000000101000000000000000000000000000000000
000000000000000000000000000000010000000000000000000100000000000000000000000000000000000
000000000000000000000000000000000000000000000000000000000000000000000000000000000000000
000000000000000000000000000000000000000000000000000000000000000000000000000000000000000
000000000000000000000000000001111000000000000000000000000000000000000000000000000000000
000000000000000000000000000001100010000000000000100000000000000000000000000000000000000
000000000000000000000000000000100001000000000001010000000000000000000000000000000000000
000000000000000000000000000000001011000000000001000000000000000000000000000000000000000
000000000000000000000000000000000100000000000000011000000000000000000000000000000000000
000000000000000000000000000000000000000000000000001000000000000000000000000000000000000
000000000000000000000000000000000000000000000001110000000000000000000000000000000000000
000000000000000000000000000000000000000000000000110000000000000000000000000000000000000
000000000000000000000000000000000000000000000100000000000000000000000000000000000000000
000000000000000000000000000000000000000000000110000000000000000000000000000000000000000
000000000000000000000000000000000000000000000110000000000000000000000000000000000000000
000000000000000000000000000000000001100000011000000000000000000000000000000000000000000
000000000000000000000000000000000001100001100000000000000000000000000000000000000000000
000000000000000000000000000000000000000001101000000000000000000000000000000000000000000
000000000000000000000000000000000000000000011000000000000000000000000000000000000000000
000000000000000000000000000000000000000000000000000000000000000000000000000000000000000
000000000000000000000000000000000000000000000000000000000000000000000000000000000000000
000000000000000000000000000000000000000000000000000000000000000000000000000000000000000
000000000000000000000000000000000000000000000000000000000000000000000000000000000000000
000000000000000000000000000000000000000000011000000000000000000000000000000000000000000
000000000000000000000000000000000000000000011000000000000000000000000000000000000000000