! dependentsyringef1ll1wedbylx2000cells
! https://c1nwaylife0c1m/wiki/Syringe
! https://www0c1nwaylife0c1m/patterns/dependentsyringef1ll1wedbylx2000cells
00000000000000000000000000000000000000000000001100000000000
00000000000000000000000000000000000000000000000100000000000
00000000000000000000000000000000000000000000000111000000000
00000000000000000000000000000000000000000000000000000000000
00000000000000000000000000000000000000000000000000000000000
00000000000000000000000000000000000000000000000000000000000
00000000000000000000000000000000000000000000000000000000000
00000000000000000000000000000000000000000000000000000000000
00000000000000000000000000000000000000000000000000000000000
00000000000000000000000000000000000000000000000000000000000
00000000000000000000000000000000000000000000000000000000000
00000000000000000000000000000000000000000000000000000000000
00000000000000000000000000000000000000000000000000000000000
00000000000000000000000000000000000000000000000000000000000
00000000000000000000000000000000000000000000000000000000000
00000000000000000000000000000000000000000000000000000000000
00000000000000000000000000000000000000000000000000000000000
00000000000000000000000000000000000000000000000000000000000
00000000000000000000000000000000000000000000000011000000000
00000000000000000000000000000000000000000000000011000000000
00000000000000000000000000000000000000000000000000000000000
00000000000000000000000000000000000000000000000000000001011
00000000000000000000000000000000000000000000000000000001101
00000000000000000000000000000000000000000000000000000000000
00000000000000000000000000000000000000000000000000000000000
00000000000000000000000000000000000000010110000000000000000
10000000000000000000000000000000000000011010000000000000000
01100000000000000000000000000000000000000000000000000000000
11000000000000000000000000000000000000000000000000000000000
00000000000000000000000000000000000000000000000000000000000
00000000000000000000000000000000000000000000000000000000000
00000000000000000000000000000000000000000000000000000000000
00000000000000000010000000000000000000000000000000000000000
00000000000000001110000000000000000000000000000000000000000
00000000000000010000000000000000000000000000000000000000000
00000000000000011000000000000000000000000000000000000000000
11000000000000000000000000000000000000000000000000000000000
01000000000000000000000000000000000000000000000000000000000
01011000000000000000000000000000000000000000000000000000000
00100100000000000000000000000100000000000000000000000000000
00011000000000000000000000000100000000000000000000000000000
00000000000000000011000000000111011000000000000000000000000
00000000000000000011000000000001011000000000000000000000000
00000000000000000000000000000000000000000000000000000000000
00000000000000000000000000000000000000000000000000000000000
00000000000000000000000000000000000000000000000000000000000
00000000000000000000000000000000000000000000000000000000000
00000000000000000000000000000000000000000000000000000000011
00000000000000000000000000000000000000000000000000000000011
00000000000000000000011010000001100000000000000000000000000
00000000000000000000011011100010100000000000000000000000000
00000000000000000000000000010010000000000000000000000000000
00000000000000000000011011100110000000000000000000000000011
00000000000000000000001010000000000000000000000000000000011
00000000001100000000001010000000000000000001100000000000000
00000000001100000000000100000000000000000010100000000000000
00000000000000000000000000000000000000000010000000000000000
00000000000000000000000000000000000000000110000000011000000
00000000000000000000000000000000000000000000000000010000000
00000000000000000000000000000000000000000000000000001110000
00000000000000000000000000000000000000000000000000000010000